05296224677
05879612954
05107361970
05254188797
05466147441
05195436697
05950780697
05966342542
05826886969
05648740958
05428794587
05205649397
05503477582
05589207310
05316517105
05035306152
05539942309
05797412138
05789671533
05209774805
05658537270
05492072682
05788453783
05361084238
05332426380
05357475156
05462695502
05915038792
05187169310
05400321376
05374602148
05255471470
05573591157
05400111044
05586647051
05450398483
05124669391
05584386391
05756537401
05573670937
05581398175
05575237477
05038840608
05412003711
05607995877
05478891380
05354307325
05731551471
05661447736
05174975150
05225691552
05565949373
05086847942
05799900987
05893516396
05466630897
05041771968
05615965568
05044136451
05440757389
05853026445
05553620479
05800042868
05907908045
05469365048
05595993868
05528154240
05787857441
05045521548
05992078606
05547912730
05487947050
05208038438
05859497850
05069550619
05643568002
05968959485
05244872837
05125465360
05629853271
05728520436
05366304440
05490564177
05288437588
05988659795
05274304959
05809605692
05802925796
05855145728
05196360488
05958055695
05172873704
05121397593
05589662485
05763544950
05056605604
05710259783
05313327629
05298963701
05889119634
05994143323
05769355595
05433770550
05875828673
05478282828
05575791917
05885700048
05776430936
05397047828
05661507823
05088251172
05499718064
05758942554
05376093250
05480733590
05060916629
05117417865
05827007241
05438704103
05395468348
05655085246
05416594838
05044701489
05878166120
05123940825
05383092733
05996444677
05916630620
05699682493
05290245733
05303522196
05156896851
05544145302
05292039525
05098575937
05734698340
05950611938
05576383605
05160855942
05356089921
05167513777
05391319552
05891249308
05822463249
05025341885
05206881731
05533409869
05245346537
05161447695
05605200345
05178806935
05789803543
05375349153
05394600332
05792905247
05294340208
05174166961
05857783277
05884650003
05397969431
05123548160
05946019777
05181833177
05483273737
05163652925
05575274680
05470438595
05940113646
05278058025
05873476613
05301692661
05153058131
05911148214
05319597664
05426609034
05766062569
05771239208
05762397424
05003383997
05701950456
05380871471
05355650377
05062247951
05885617913
05451082099
05381070829
05034997792
05511697123
05279083156
05524806614
05070093217
05004292818
05982379519
05757338627
05119356668
05344306803
05710681442
05810929091
05408802752
05290597504
05170643057
05486827846
05984597143
05729497041
05515536752
05848792673
05457226246
05938065318
05167662034
05871545703
05409345182
05753439076
05577923432
05238848052
05662400572
05015052967
05550462880
05173989529
05939344462
05857284300
05021431632
05338313046
05964379514
05078922230
05549824141
05431908838
05591626418
05516574307
05746719250
05908122503
05065170395
05340060083
05986304238
05267358037
05636356456
05494015619
05205605394
05054179273
05100595923
05189060793
05563445244
05214365909
05300930973
05929004873
05154936472
05114420206
05440037839
05911927120
05423078334
05718277690
05879687639
05834276175
05522799194
05368224839
05390302701
05134910736
05032117473
05118081094
05476212933
05132101701
05803088411
05994921236
05933041316
05919799851
05133873275
05309526913
05746045034
05152469367
05536267390
05682532211
05740099831
05189972987
05995007078
05801737137
05433744081
05071229515
05744421777
05354916674
05956684153
05843364359
05564509945
05203572237
05113005080
05851056483
05989405795
05706804972
05336954546
05714004087
05925356526
05970127243
05402258308
05401622085
05533669907
05708119614
05921502564
05932195648
05719425058
05627906591
05146802014
05691517242
05065009431
05547090611
05072701967
05023528945
05799788530
05348325537
05153982009
05733060494
05771000770
05831961418
05832389254
05658543982
05881779332
05888548262
05607552224
05510459443
05702167390
05209868337
05099763245
05940540543
05215685091
05920975777
05542033080
05376370454
05151976345
05976777987
05678227729
05090977000
05987686465
05218362735
05424535798
05108518870
05668234363
05141062295
05233561017
05475338664
05878604866
05461423485
05440453223
05446526746
05295359907
05695275834
05405324821
05042923719
05035929051
05186030056
05392529160
05813378952
05384996510
05622962041
05828701582
05570283066
05181556120
05631138921
05221502120
05557102597
05814059291
05406883185
05210602583
05406343623
05853795648
05562573950
05284875031
05194079472
05106809313
05028985462
05808660872
05176387759
05603849351
05264467999
05785073415
05068174077
05126787453
05792082952
05236623187
05258901309
05671187088
05055525265
05746432887
05987356859
05285176782
05035503552
05368633275
05647918620
05956514307
05222297099
05690438911
05699679420
05247695679
05353058398
05266947855
05950661047
05504728960
05867913221
05443265242
05728166224
05556651688
05200224159
05516679163
05212597068
05797289189
05382561256
05191233195
05327077007
05995562241
05236017884
05838866977
05297004068
05053027127
05362410916
05245036288
05756647408
05254226431
05449519019
05818218345
05173013798
05007194894
05373612742
05943692692
05313955133
05480044627
05810589281
05289356531
05911788460
05545061578
05109823407
05085595647
05915787158
05434119345
05935639392
05915643601
05900218233
05850743759
05074794547
05063105720
05022190541
05750399971
05333594580
05758532688
05378248040
05830562508
05002508397
05753693057
05470445579
05044619352
05485825418
05235253594
05284219060
05258137771
05669749678
05434326252
05830032543
05038152249
05683721230
05525906884
05899287456
05656089585
05127412584
05588084023
05341215724
05696588488
05080196636
05887442685
05400454066
05684451675
05585892371
05679989513
05996161915
05685180845
05710691604
05469455071
05780614642
05762844442
05458874910
05379537956
05320940838
05868939423
05447960415
05773166387
05237080978
05690327431
05112140460
05195357656
05740491400
05478326734
05825169268
05028679230
05057243359
05426314006
05788464226
05927543927
05874217666
05834102257
05745806159
05302572705
05608174728
05399233381
05851670286
05315016578
05542182808
05716634916
05036034696
05038378199
05351458771
05040056932
05429352038
05065942398
05144901191
05187466432
05710706073
05633443668
05998933447
05179097553
05709158741
05971466726
05989320099
05879857417
05125463359
05368815185
05073321432
05865926387
05567434429
05632619635
05795820777
05066808279
05147162466
05081380149
05881643633
05553619507
05847510581
05980618148
05381296417
05033813627
05733680662
05689519750
05923900481
05590532804
05177139863
05736072713
05077025272
05624090857
05234122644
05177367672
05942680838
05201995623
05581765979
05468114054
05946213928
05027259057
05921884734
05475393731
05533175183
05602160828
05627548890
05933769661
05535190628
05591441441
05738656193
05447996154
05791457127
05253942608
05580342857
05467677714
05679458032
05551605819
05478806885
05118865818
05902879709
05817155448
05819100773
05118865613
05876747967
05072851804
05452821898
05920184262
05055646692
05386074857
05853364491
05615564163
05647594819
05727024166
05176201591
05735233469
05006562977
05708872467
05334341838
05554919038
05685856679
05017124335
05981129422
05146995223
05666173701
05876499884
05519632183
05223297235
05761613805
05671546894
05807507903
05027168963
05545541994
05709600667
05480050469
05322741771
05100921057
05421375945
05321017976
05584828331
05928288235
05983982175
05449612220
05962533330
05696905951
05047859602
05420113286
05820348082
05913747052
05272277262
05933094448
05814403890
05870345358
05093057621
05265685226
05275348935
05541897119
05662878817
05684512937
05308072553
05594192331
05304105942
05928764151
05775427014
05001617539
05691894938
05748513544
05840952988
05701057649
05338002443
05475824800
05360572749
05361529983
05657222365
05922355985
05397240374
05819129891
05244049014
05917565552
05960118840
05573718674
05712645870
05462166190
05066324942
05418260933
05379496372
05819120033
05713508972
05428055937
05996221316
05141581060
05172688033
05173324201
05031630892
05513568262
05432879362
05651074501
05966751630
05856535960
05610849654
05315571273
05756559458
05070497012
05720596290
05495179814
05512204389
05633727558
05010503770
05063997777
05174912774
05956531285
05010721820
05244540634
05086876494
05107440288
05751069545
05256311339
05988943638
05515265307
05841060625
05735634440
05387964340
05231199600
05308110654
05716764777
05106205903
05204115298
05998674153
05511456505
05193731720
05966740713
05080877152
05514514948
05331525755
05808821087
05208780424
05821702492
05139089497
05309402036
05868656110
05275818382
05590807820
05614496047
05764485242
05869789714
05132478958
05450849418
05852152362
05533220306
05123822073
05291121864
05562301931
05804495439
05478158050
05378722978
05031332717
05608321878
05057137193
05543146517
05100156418
05959456150
05455711812
05885185237
05526347946
05807159308
05223787032
05949695650
05756749553
05753127957
05047133458
05468204409
05841567648
05422880161
05612558067
05765037975
05395428163
05222905910
05710653044
05425023221
05442483202
05143296192
05788794451
05365978620
05069273753
05998961402
05190087716
05552320843
05736134684
05396268471
05265788312
05011274080
05687379792
05358592147
05188311300
05056756091
05725375833
05868012891
05531000484
05627996690
05040483313
05990746241
05916489256
05011711489
05563082820
05894874148
05067112057
05038293646
05367190786
05461632093
05549547452
05466351031
05520979667
05806927455
05187272680
05019577603
05885083125
05727220015
05905853516
05012129025
05359147049
05578643833
05037463708
05308134146
05964336112
05813932906
05203750186
05939520143
05997786964
05261326522
05542437951
05824588799
05160462897
05088001765
05291274805
05491351506
05256957091
05721052874
05237484665
05969990748
05057978893
05657133022
05162411706
05694231151
05035017388
05765294856
05442890766
05127190415
05451031137
05209070572
05017894451
05621216761
05131692866
05949452908
05622313025
05972965580
05836782370
05810457943
05575782059
05759371018
05692048319
05607168215
05206509691
05216898801
05577135262
05102405106
05619500196
05897236102
05543865326
05051271339
05059299329
05294481173
05456729264
05344053738
05086237158
05632341358
05850904061
05726091842
05142993333
05812788454
05359752935
05881729826
05793176180
05512975428
05848920914
05693710292
05367354889
05360958217
05425899032
05133932224
05228668627
05788898266
05180690419
05406428418
05613309767
05023810760
05289838769
05109817732
05416092788
05430642732
05278471361
05838343798
05671349514
05679830815
05392112813
05332280289
05487416146
05694826952
05715578033
05736786991
05819156005
05950704586
05436032391
05886605873
05516277162
05506650672
05403810158
05276637764
05845118312
05004184781
05151378823
05404372135
05892613559
05201611573
05031875505
05711547635
05778023874
05873646014
05373035097
05456541769
05455328825
05691488024
05916848076
05730392649
05204049747
05250207404
05311016914
05870788720
05163643308
05556816035
05657528260
05344383914
05660146637
05818375390
05712801745
05047033858
05046912654
05737910281
05916311286
05878704179
05786536119
05295850178
05100899787
05671782123
05424440154
05050777170
05015694145
05840183167
05600721643
05727651509
05310981848
05846125934
05066113792
05966668229
05169283363
05858266969
05055109673
05674094837
05259873806
05251228834
